wind_speed,pressure,sea_speed,sea_high
